/*--------------------------------*- C++ -*----------------------------------*\
| =========                 |                                                 |
| \\      /  F ield         | OpenFOAM: The Open Source CFD Toolbox           |
|  \\    /   O peration     | Version:  2.1.1                                 |
|   \\  /    A nd           | Web:      www.OpenFOAM.org                      |
|    \\/     M anipulation  |                                                 |
\*---------------------------------------------------------------------------*/
FoamFile
{
    version     2.0;
    format      ascii;
    class       cellSet;
    location    "constant/polyMesh/sets";
    object      toBeRefined;
}
// * * * * * * * * * * * * * * * * * * * * * * * * * * * * * * * * * * * * * //


8880
(
0 
1 
2 
3 
4 
5 
6 
7 
8 
9 
10 
11 
12 
13 
14 
15 
16 
17 
18 
19 
20 
21 
22 
23 
24 
25 
26 
27 
28 
29 
30 
31 
32 
33 
34 
35 
36 
37 
38 
39 
40 
41 
42 
43 
44 
45 
46 
47 
48 
49 
50 
51 
52 
53 
54 
55 
56 
57 
58 
59 
60 
61 
62 
63 
64 
65 
66 
67 
68 
69 
70 
71 
72 
73 
74 
75 
76 
77 
78 
79 
80 
81 
82 
83 
84 
85 
86 
87 
88 
89 
90 
91 
92 
93 
94 
95 
96 
97 
98 
99 
100 
101 
102 
103 
104 
105 
106 
107 
108 
109 
110 
111 
112 
113 
114 
115 
116 
117 
118 
119 
120 
121 
122 
123 
124 
125 
126 
127 
128 
129 
130 
131 
132 
133 
134 
135 
136 
137 
138 
139 
140 
141 
142 
143 
144 
145 
146 
147 
148 
149 
150 
151 
152 
153 
154 
155 
156 
157 
158 
159 
160 
161 
162 
163 
164 
165 
166 
167 
168 
169 
170 
171 
172 
173 
174 
175 
176 
177 
178 
179 
180 
181 
182 
183 
184 
185 
186 
187 
188 
189 
190 
191 
192 
193 
194 
195 
196 
197 
198 
199 
200 
201 
202 
203 
204 
205 
206 
207 
208 
209 
210 
211 
212 
213 
214 
215 
216 
217 
218 
219 
220 
221 
222 
223 
224 
225 
226 
227 
228 
229 
230 
231 
232 
233 
234 
235 
236 
237 
238 
239 
240 
241 
242 
243 
244 
245 
246 
247 
248 
249 
250 
251 
252 
253 
254 
255 
256 
257 
258 
259 
260 
261 
262 
263 
264 
265 
266 
267 
268 
269 
270 
271 
272 
273 
274 
275 
276 
277 
278 
279 
280 
281 
282 
283 
284 
285 
286 
287 
67290 
67291 
67292 
67293 
67294 
67295 
67296 
67297 
67298 
67299 
67300 
67301 
67302 
67303 
67304 
67305 
67306 
67307 
67308 
67309 
67310 
67311 
67312 
67313 
67314 
67315 
67316 
67317 
67318 
67319 
67320 
67321 
67322 
67323 
67324 
67325 
67326 
67327 
67328 
67329 
67330 
67331 
67332 
67333 
67334 
67335 
67336 
67337 
67338 
67339 
67340 
67341 
67342 
67343 
67344 
67345 
67346 
67347 
67348 
67349 
67350 
67351 
67352 
67353 
67354 
67355 
67356 
67357 
67358 
67359 
67360 
67361 
67362 
67363 
67364 
67365 
67366 
67367 
67368 
67369 
67370 
67371 
67372 
67373 
67374 
67375 
67376 
67377 
67378 
67379 
67380 
67381 
67382 
67383 
67384 
67385 
67386 
67387 
67388 
67389 
67390 
67391 
67392 
67393 
67394 
67395 
67396 
67397 
67398 
67399 
67400 
67401 
67402 
67403 
67404 
67405 
67406 
67407 
67408 
67409 
67410 
67411 
67412 
67413 
67414 
67415 
67416 
67417 
67418 
67419 
67420 
67421 
67422 
67423 
67424 
67425 
67426 
67427 
67428 
67429 
67430 
67431 
67432 
67433 
67434 
67435 
67436 
67437 
67438 
67439 
67440 
67441 
67442 
67443 
67444 
67445 
67446 
67447 
67448 
67449 
67450 
67451 
67452 
67453 
67454 
67455 
67456 
67457 
67458 
67459 
67460 
67461 
67462 
67463 
67464 
67465 
67466 
67467 
67468 
67469 
67470 
67471 
67472 
67473 
67474 
51090 
67475 
51091 
67476 
51092 
67477 
51093 
67478 
51094 
67479 
51095 
67480 
51096 
67481 
51097 
67482 
51098 
67483 
51099 
67484 
51100 
67485 
51101 
67486 
51102 
67487 
51103 
67488 
51104 
67489 
51105 
67490 
51106 
67491 
51107 
67492 
51108 
67493 
51109 
67494 
51110 
67495 
51111 
67496 
51112 
67497 
51113 
67498 
51114 
67499 
51115 
67500 
51116 
67501 
51117 
67502 
51118 
67503 
51119 
67504 
51120 
67505 
51121 
67506 
51122 
67507 
51123 
67508 
51124 
67509 
51125 
67510 
51126 
67511 
51127 
67512 
51128 
67513 
51129 
67514 
51130 
67515 
51131 
67516 
51132 
67517 
51133 
67518 
51134 
67519 
51135 
67520 
51136 
67521 
51137 
67522 
51138 
67523 
51139 
67524 
51140 
67525 
51141 
67526 
51142 
67527 
51143 
67528 
51144 
67529 
51145 
67530 
51146 
67531 
51147 
67532 
51148 
67533 
51149 
67534 
51150 
67535 
51151 
67536 
51152 
67537 
51153 
67538 
51154 
67539 
51155 
67540 
51156 
67541 
51157 
67542 
51158 
67543 
51159 
67544 
51160 
67545 
51161 
67546 
51162 
67547 
51163 
67548 
51164 
67549 
51165 
67550 
51166 
67551 
51167 
67552 
51168 
67553 
51169 
67554 
51170 
67555 
51171 
67556 
51172 
67557 
51173 
67558 
51174 
67559 
51175 
67560 
51176 
67561 
51177 
67562 
51178 
67563 
51179 
67564 
51180 
67565 
51181 
67566 
51182 
67567 
51183 
67568 
51184 
67569 
51185 
67570 
51186 
67571 
51187 
67572 
51188 
67573 
51189 
67574 
51190 
67575 
51191 
67576 
51192 
67577 
51193 
51194 
51195 
51196 
51197 
51198 
51199 
51200 
51201 
51202 
51203 
51204 
51205 
51206 
51207 
51208 
51209 
51210 
51211 
51212 
51213 
51214 
51215 
51216 
51217 
51218 
51219 
51220 
51221 
51222 
51223 
51224 
51225 
51226 
51227 
51228 
51229 
51230 
51231 
51232 
51233 
51234 
51235 
51236 
51237 
51238 
51239 
51240 
51241 
51242 
51243 
51244 
51245 
51246 
51247 
51248 
51249 
51250 
51251 
51252 
51253 
51254 
51255 
51256 
51257 
51258 
51259 
51260 
51261 
51262 
51263 
51264 
51265 
51266 
51267 
51268 
51269 
51270 
51271 
51272 
51273 
51274 
34890 
51275 
34891 
51276 
34892 
51277 
34893 
51278 
34894 
51279 
34895 
51280 
34896 
51281 
34897 
51282 
34898 
51283 
34899 
51284 
34900 
51285 
34901 
51286 
34902 
51287 
34903 
51288 
34904 
51289 
34905 
51290 
34906 
51291 
34907 
51292 
34908 
51293 
34909 
51294 
34910 
51295 
34911 
51296 
34912 
51297 
34913 
51298 
34914 
51299 
34915 
51300 
34916 
51301 
34917 
51302 
34918 
51303 
34919 
51304 
34920 
51305 
34921 
51306 
34922 
51307 
34923 
51308 
34924 
51309 
34925 
51310 
34926 
51311 
34927 
51312 
34928 
51313 
34929 
51314 
34930 
51315 
34931 
51316 
34932 
51317 
34933 
51318 
34934 
51319 
34935 
51320 
34936 
51321 
34937 
51322 
34938 
51323 
34939 
51324 
34940 
51325 
34941 
51326 
34942 
51327 
34943 
51328 
34944 
51329 
34945 
51330 
34946 
51331 
34947 
51332 
34948 
51333 
34949 
51334 
34950 
51335 
34951 
51336 
34952 
51337 
34953 
51338 
34954 
51339 
34955 
51340 
34956 
51341 
34957 
51342 
34958 
51343 
34959 
51344 
34960 
51345 
34961 
51346 
34962 
51347 
34963 
51348 
34964 
51349 
34965 
51350 
34966 
51351 
34967 
51352 
34968 
51353 
34969 
51354 
34970 
51355 
34971 
51356 
34972 
51357 
34973 
51358 
34974 
51359 
34975 
51360 
34976 
51361 
34977 
51362 
34978 
51363 
34979 
51364 
34980 
51365 
34981 
51366 
34982 
51367 
34983 
51368 
34984 
51369 
34985 
51370 
34986 
51371 
34987 
51372 
34988 
51373 
34989 
51374 
34990 
51375 
34991 
51376 
34992 
51377 
34993 
51378 
34994 
51379 
34995 
51380 
34996 
51381 
34997 
51382 
34998 
51383 
34999 
51384 
35000 
51385 
35001 
51386 
35002 
51387 
35003 
51388 
35004 
51389 
35005 
35006 
35007 
35008 
35009 
35010 
35011 
35012 
35013 
35014 
35015 
35016 
35017 
35018 
35019 
35020 
35021 
35022 
35023 
35024 
35025 
35026 
35027 
35028 
35029 
35030 
35031 
35032 
35033 
35034 
35035 
35036 
35037 
35038 
35039 
35040 
35041 
35042 
35043 
35044 
35045 
35046 
35047 
35048 
35049 
35050 
35051 
35052 
35053 
35054 
35055 
35056 
35057 
35058 
35059 
35060 
35061 
35062 
35063 
35064 
35065 
35066 
35067 
35068 
35069 
35070 
35071 
35072 
35073 
35074 
18690 
35075 
18691 
35076 
18692 
35077 
18693 
35078 
18694 
35079 
18695 
35080 
18696 
35081 
18697 
35082 
18698 
35083 
18699 
35084 
18700 
35085 
18701 
35086 
18702 
35087 
18703 
35088 
18704 
35089 
18705 
35090 
18706 
35091 
18707 
35092 
18708 
35093 
18709 
35094 
18710 
35095 
18711 
35096 
18712 
35097 
18713 
35098 
18714 
35099 
18715 
35100 
18716 
35101 
18717 
35102 
18718 
35103 
18719 
35104 
18720 
35105 
18721 
35106 
18722 
35107 
18723 
35108 
18724 
35109 
18725 
35110 
18726 
35111 
18727 
35112 
18728 
35113 
18729 
35114 
18730 
35115 
18731 
35116 
18732 
35117 
18733 
35118 
18734 
35119 
18735 
35120 
18736 
35121 
18737 
35122 
18738 
35123 
18739 
35124 
18740 
35125 
18741 
35126 
18742 
35127 
18743 
35128 
18744 
35129 
18745 
35130 
18746 
35131 
18747 
35132 
18748 
35133 
18749 
35134 
18750 
35135 
18751 
35136 
18752 
35137 
18753 
35138 
18754 
35139 
18755 
35140 
18756 
35141 
18757 
35142 
18758 
35143 
18759 
35144 
18760 
35145 
18761 
35146 
18762 
35147 
18763 
35148 
18764 
35149 
18765 
35150 
18766 
35151 
18767 
35152 
18768 
35153 
18769 
35154 
18770 
35155 
18771 
35156 
18772 
35157 
18773 
35158 
18774 
35159 
18775 
35160 
18776 
35161 
18777 
35162 
18778 
35163 
18779 
35164 
18780 
35165 
18781 
35166 
18782 
35167 
18783 
35168 
18784 
35169 
18785 
35170 
18786 
35171 
18787 
35172 
18788 
35173 
18789 
35174 
18790 
35175 
18791 
35176 
18792 
35177 
18793 
35178 
18794 
35179 
18795 
35180 
18796 
35181 
18797 
35182 
18798 
35183 
18799 
35184 
18800 
35185 
18801 
35186 
18802 
35187 
18803 
35188 
18804 
35189 
18805 
18806 
18807 
18808 
18809 
18810 
18811 
18812 
18813 
18814 
18815 
18816 
18817 
18818 
18819 
18820 
18821 
18822 
18823 
18824 
18825 
18826 
18827 
18828 
18829 
18830 
18831 
18832 
18833 
18834 
18835 
18836 
18837 
18838 
18839 
18840 
18841 
18842 
18843 
18844 
18845 
18846 
18847 
18848 
18849 
18850 
18851 
18852 
18853 
18854 
18855 
18856 
18857 
18858 
18859 
18860 
18861 
18862 
18863 
18864 
18865 
18866 
18867 
18868 
18869 
18870 
18871 
18872 
18873 
18874 
18875 
18876 
18877 
18878 
18879 
18880 
18881 
18882 
18883 
18884 
18885 
18886 
18887 
18888 
18889 
18890 
18891 
18892 
18893 
18894 
18895 
18896 
18897 
18898 
18899 
18900 
18901 
18902 
18903 
18904 
18905 
18906 
18907 
18908 
18909 
18910 
18911 
18912 
18913 
18914 
18915 
18916 
18917 
18918 
18919 
18920 
18921 
18922 
18923 
18924 
18925 
18926 
18927 
18928 
18929 
18930 
18931 
18932 
18933 
18934 
18935 
18936 
18937 
18938 
18939 
18940 
18941 
18942 
18943 
18944 
18945 
18946 
18947 
18948 
18949 
18950 
18951 
18952 
18953 
18954 
18955 
18956 
18957 
18958 
18959 
18960 
18961 
18962 
18963 
18964 
18965 
18966 
18967 
18968 
18969 
18970 
18971 
18972 
18973 
18974 
18975 
18976 
18977 
18978 
18979 
18980 
18981 
18982 
18983 
18984 
18985 
18986 
18987 
18988 
18989 
2658 
2659 
2660 
2661 
2662 
2663 
2664 
2665 
2666 
2667 
2668 
2669 
2670 
2671 
2672 
2673 
2674 
2675 
2676 
2677 
2678 
2679 
2680 
2681 
2682 
2683 
2684 
2685 
2686 
2687 
2688 
2689 
2690 
2691 
2692 
2693 
2694 
2695 
2696 
2697 
2698 
2699 
2700 
2701 
2702 
2703 
2704 
2705 
2706 
2707 
2708 
2709 
2710 
2711 
2712 
2713 
2714 
2715 
2716 
2717 
2718 
2719 
2720 
2721 
2722 
2723 
2724 
2725 
2726 
2727 
2728 
2729 
2730 
2731 
2732 
2733 
2734 
2735 
2736 
2737 
2738 
2739 
2740 
2741 
2742 
2743 
2744 
2745 
2746 
2747 
2748 
2749 
2750 
2751 
2752 
2753 
2754 
2755 
2756 
2757 
2758 
2759 
2760 
2761 
2762 
2763 
2764 
2765 
2766 
2767 
2768 
2769 
2770 
2771 
2772 
2773 
2774 
2775 
2776 
2777 
2778 
2779 
2780 
2781 
2782 
2783 
2784 
2785 
2786 
2787 
2788 
2789 
2790 
2791 
2792 
2793 
2794 
2795 
2796 
2797 
2798 
2799 
2800 
2801 
2802 
2803 
2804 
2805 
2806 
2807 
2808 
2809 
2810 
2811 
2812 
2813 
2814 
2815 
2816 
2817 
2818 
2819 
2820 
2821 
2822 
2823 
2824 
2825 
2826 
2827 
2828 
2829 
2830 
2831 
2832 
2833 
2834 
2835 
2836 
2837 
2838 
2839 
2840 
2841 
2842 
2843 
2844 
2845 
2846 
2847 
2848 
2849 
2850 
2851 
2852 
2853 
2854 
2855 
2856 
2857 
2858 
2859 
2860 
2861 
2862 
2863 
2864 
2865 
2866 
2867 
2868 
2869 
2870 
2871 
2872 
2873 
2874 
2875 
2876 
2877 
2878 
2879 
2880 
2881 
2882 
2883 
2884 
2885 
2886 
2887 
2888 
2889 
2890 
2891 
2892 
2893 
2894 
2895 
2896 
2897 
2898 
2899 
2900 
2901 
2902 
2903 
2904 
2905 
2906 
2907 
2908 
2909 
2910 
2911 
2912 
2913 
2914 
2915 
2916 
2917 
2918 
2919 
2920 
2921 
2922 
2923 
2924 
2925 
2926 
2927 
2928 
2929 
2930 
2931 
2932 
2933 
2934 
2935 
2936 
2937 
2938 
2939 
2940 
2941 
2942 
2943 
2944 
2945 
69948 
69949 
69950 
69951 
69952 
69953 
69954 
69955 
69956 
69957 
69958 
69959 
69960 
69961 
69962 
69963 
69964 
69965 
69966 
69967 
69968 
69969 
69970 
69971 
69972 
69973 
69974 
69975 
69976 
69977 
69978 
69979 
69980 
69981 
69982 
69983 
69984 
69985 
69986 
69987 
69988 
69989 
69990 
69991 
69992 
69993 
69994 
69995 
69996 
69997 
69998 
69999 
70000 
70001 
70002 
70003 
70004 
70005 
70006 
70007 
70008 
70009 
70010 
70011 
70012 
70013 
70014 
70015 
70016 
70017 
70018 
70019 
70020 
70021 
70022 
70023 
70024 
70025 
70026 
70027 
70028 
70029 
70030 
70031 
70032 
70033 
70034 
70035 
70036 
70037 
70038 
70039 
70040 
70041 
70042 
70043 
70044 
70045 
70046 
70047 
70048 
70049 
70050 
70051 
70052 
70053 
70054 
70055 
70056 
70057 
70058 
70059 
70060 
70061 
70062 
70063 
70064 
70065 
70066 
70067 
70068 
70069 
70070 
70071 
70072 
70073 
70074 
70075 
70076 
70077 
70078 
70079 
70080 
70081 
70082 
70083 
70084 
70085 
70086 
70087 
70088 
70089 
70090 
70091 
70092 
70093 
70094 
70095 
70096 
70097 
70098 
70099 
70100 
70101 
70102 
70103 
70104 
70105 
70106 
70107 
70108 
70109 
70110 
70111 
70112 
70113 
70114 
70115 
70116 
70117 
70118 
70119 
70120 
70121 
70122 
70123 
70124 
70125 
70126 
70127 
70128 
70129 
70130 
70131 
70132 
70133 
70134 
70135 
70136 
70137 
70138 
70139 
70140 
70141 
70142 
70143 
70144 
70145 
70146 
70147 
70148 
70149 
70150 
70151 
70152 
70153 
70154 
70155 
70156 
70157 
70158 
70159 
70160 
70161 
70162 
70163 
70164 
70165 
70166 
70167 
70168 
70169 
70170 
70171 
70172 
70173 
70174 
53790 
70175 
53791 
70176 
53792 
70177 
53793 
70178 
53794 
70179 
53795 
70180 
53796 
70181 
53797 
70182 
53798 
70183 
53799 
70184 
53800 
70185 
53801 
70186 
53802 
70187 
53803 
70188 
53804 
70189 
53805 
70190 
53806 
70191 
53807 
70192 
53808 
70193 
53809 
70194 
53810 
70195 
53811 
70196 
53812 
70197 
53813 
70198 
53814 
70199 
53815 
70200 
53816 
70201 
53817 
70202 
53818 
70203 
53819 
70204 
53820 
70205 
53821 
70206 
53822 
70207 
53823 
70208 
53824 
70209 
53825 
70210 
53826 
70211 
53827 
70212 
53828 
70213 
53829 
70214 
53830 
70215 
53831 
70216 
53832 
70217 
53833 
70218 
53834 
70219 
53835 
70220 
53836 
70221 
53837 
70222 
53838 
70223 
53839 
70224 
53840 
70225 
53841 
70226 
53842 
70227 
53843 
70228 
53844 
70229 
53845 
70230 
53846 
70231 
53847 
70232 
53848 
70233 
53849 
70234 
53850 
70235 
53851 
53852 
53853 
53854 
53855 
53856 
53857 
53858 
53859 
53860 
53861 
53862 
53863 
53864 
53865 
53866 
53867 
53868 
53869 
53870 
53871 
53872 
53873 
53874 
53875 
53876 
53877 
53878 
53879 
53880 
53881 
53882 
53883 
53884 
53885 
53886 
53887 
53888 
53889 
53890 
53891 
53892 
53893 
53894 
53895 
53896 
53897 
53898 
53899 
53900 
53901 
53902 
53903 
53904 
53905 
53906 
53907 
53908 
53909 
53910 
53911 
53912 
53913 
53914 
53915 
53916 
53917 
53918 
53919 
53920 
53921 
53922 
53923 
53924 
53925 
53926 
53927 
53928 
53929 
53930 
53931 
53932 
53933 
53934 
53935 
53936 
53937 
53938 
53939 
53940 
53941 
53942 
53943 
53944 
53945 
53946 
53947 
53948 
53949 
53950 
53951 
53952 
53953 
53954 
53955 
53956 
53957 
53958 
53959 
53960 
53961 
53962 
53963 
53964 
53965 
53966 
53967 
53968 
53969 
53970 
53971 
53972 
53973 
53974 
37590 
53975 
37591 
53976 
37592 
53977 
37593 
53978 
37594 
53979 
37595 
53980 
37596 
53981 
37597 
53982 
37598 
53983 
37599 
53984 
37600 
53985 
37601 
53986 
37602 
53987 
37603 
53988 
37604 
53989 
37605 
53990 
37606 
53991 
37607 
53992 
37608 
53993 
37609 
53994 
37610 
53995 
37611 
53996 
37612 
53997 
37613 
53998 
37614 
53999 
37615 
54000 
37616 
54001 
37617 
54002 
37618 
54003 
37619 
54004 
37620 
54005 
37621 
54006 
37622 
54007 
37623 
54008 
37624 
54009 
37625 
54010 
37626 
54011 
37627 
54012 
37628 
54013 
37629 
54014 
37630 
54015 
37631 
54016 
37632 
54017 
37633 
54018 
37634 
54019 
37635 
54020 
37636 
54021 
37637 
54022 
37638 
54023 
37639 
54024 
37640 
54025 
37641 
54026 
37642 
54027 
37643 
54028 
37644 
54029 
37645 
54030 
37646 
54031 
37647 
54032 
37648 
54033 
37649 
54034 
37650 
54035 
37651 
54036 
37652 
54037 
37653 
54038 
37654 
54039 
37655 
54040 
37656 
54041 
37657 
54042 
37658 
54043 
37659 
54044 
37660 
54045 
37661 
54046 
37662 
54047 
37663 
54048 
37664 
54049 
37665 
54050 
37666 
54051 
37667 
54052 
37668 
54053 
37669 
54054 
37670 
54055 
37671 
54056 
37672 
54057 
37673 
54058 
37674 
54059 
37675 
54060 
37676 
54061 
37677 
54062 
37678 
54063 
37679 
54064 
37680 
54065 
37681 
54066 
37682 
54067 
37683 
54068 
37684 
54069 
37685 
54070 
37686 
54071 
37687 
54072 
37688 
54073 
37689 
54074 
37690 
54075 
37691 
54076 
37692 
54077 
37693 
54078 
37694 
54079 
37695 
54080 
37696 
54081 
37697 
54082 
37698 
54083 
37699 
54084 
37700 
54085 
37701 
54086 
37702 
54087 
37703 
54088 
37704 
54089 
37705 
37706 
37707 
37708 
37709 
37710 
37711 
37712 
37713 
37714 
37715 
37716 
37717 
37718 
37719 
37720 
37721 
37722 
37723 
37724 
37725 
37726 
37727 
37728 
37729 
37730 
37731 
37732 
37733 
37734 
37735 
37736 
37737 
37738 
37739 
37740 
37741 
37742 
37743 
37744 
37745 
37746 
37747 
37748 
37749 
37750 
37751 
37752 
37753 
37754 
37755 
37756 
37757 
37758 
37759 
37760 
37761 
37762 
37763 
37764 
37765 
37766 
37767 
37768 
37769 
37770 
37771 
37772 
37773 
37774 
21390 
37775 
21391 
37776 
21392 
37777 
21393 
37778 
21394 
37779 
21395 
37780 
21396 
37781 
21397 
37782 
21398 
37783 
21399 
37784 
21400 
37785 
21401 
37786 
21402 
37787 
21403 
37788 
21404 
37789 
21405 
37790 
21406 
37791 
21407 
37792 
21408 
37793 
21409 
37794 
21410 
37795 
21411 
37796 
21412 
37797 
21413 
37798 
21414 
37799 
21415 
37800 
21416 
37801 
21417 
37802 
21418 
37803 
21419 
37804 
21420 
37805 
21421 
37806 
21422 
37807 
21423 
37808 
21424 
37809 
21425 
37810 
21426 
37811 
21427 
37812 
21428 
37813 
21429 
37814 
21430 
37815 
21431 
37816 
21432 
37817 
21433 
37818 
21434 
37819 
21435 
37820 
21436 
37821 
21437 
37822 
21438 
37823 
21439 
37824 
21440 
37825 
21441 
37826 
21442 
37827 
21443 
37828 
21444 
37829 
21445 
37830 
21446 
37831 
21447 
37832 
21448 
37833 
21449 
37834 
21450 
37835 
21451 
37836 
21452 
37837 
21453 
37838 
21454 
37839 
21455 
37840 
21456 
37841 
21457 
37842 
21458 
37843 
21459 
37844 
21460 
37845 
21461 
37846 
21462 
37847 
21463 
37848 
21464 
37849 
21465 
37850 
21466 
37851 
21467 
37852 
21468 
37853 
21469 
37854 
21470 
37855 
21471 
37856 
21472 
37857 
21473 
37858 
21474 
37859 
21475 
37860 
21476 
37861 
21477 
37862 
21478 
37863 
21479 
37864 
21480 
37865 
21481 
37866 
21482 
37867 
21483 
37868 
21484 
37869 
21485 
37870 
21486 
37871 
21487 
37872 
21488 
37873 
21489 
37874 
21490 
37875 
21491 
37876 
21492 
37877 
21493 
37878 
21494 
37879 
21495 
37880 
21496 
37881 
21497 
37882 
21498 
37883 
21499 
37884 
21500 
37885 
21501 
37886 
21502 
37887 
21503 
37888 
21504 
37889 
21505 
21506 
21507 
21508 
21509 
21510 
21511 
21512 
21513 
21514 
21515 
21516 
21517 
21518 
21519 
21520 
21521 
21522 
21523 
21524 
21525 
21526 
21527 
21528 
21529 
21530 
21531 
21532 
21533 
21534 
21535 
21536 
21537 
21538 
21539 
21540 
21541 
21542 
21543 
21544 
21545 
21546 
21547 
21548 
21549 
21550 
21551 
21552 
21553 
21554 
21555 
21556 
21557 
21558 
21559 
21560 
21561 
21562 
21563 
21564 
21565 
21566 
21567 
21568 
21569 
21570 
21571 
21572 
21573 
21574 
21575 
21576 
21577 
21578 
21579 
21580 
21581 
21582 
21583 
21584 
21585 
21586 
21587 
21588 
21589 
21590 
21591 
21592 
21593 
21594 
21595 
21596 
21597 
21598 
21599 
21600 
21601 
21602 
21603 
21604 
21605 
21606 
21607 
21608 
21609 
21610 
21611 
21612 
21613 
21614 
21615 
21616 
21617 
21618 
21619 
21620 
21621 
21622 
21623 
21624 
21625 
21626 
21627 
21628 
21629 
21630 
21631 
21632 
21633 
21634 
21635 
21636 
21637 
21638 
21639 
21640 
21641 
21642 
21643 
21644 
21645 
21646 
21647 
21648 
21649 
21650 
21651 
21652 
21653 
21654 
21655 
21656 
21657 
21658 
21659 
21660 
21661 
21662 
21663 
21664 
21665 
21666 
21667 
21668 
21669 
21670 
21671 
21672 
21673 
21674 
21675 
21676 
21677 
21678 
21679 
21680 
21681 
21682 
21683 
21684 
21685 
21686 
21687 
21688 
21689 
5316 
5317 
5318 
5319 
5320 
5321 
5322 
5323 
5324 
5325 
5326 
5327 
5328 
5329 
5330 
5331 
5332 
5333 
5334 
5335 
5336 
5337 
5338 
5339 
5340 
5341 
5342 
5343 
5344 
5345 
5346 
5347 
5348 
5349 
5350 
5351 
5352 
5353 
5354 
5355 
5356 
5357 
5358 
5359 
5360 
5361 
5362 
5363 
5364 
5365 
5366 
5367 
5368 
5369 
5370 
5371 
5372 
5373 
5374 
5375 
5376 
5377 
5378 
5379 
5380 
5381 
5382 
5383 
5384 
5385 
5386 
5387 
5388 
5389 
5390 
5391 
5392 
5393 
5394 
5395 
5396 
5397 
5398 
5399 
5400 
5401 
5402 
5403 
5404 
5405 
5406 
5407 
5408 
5409 
5410 
5411 
5412 
5413 
5414 
5415 
5416 
5417 
5418 
5419 
5420 
5421 
5422 
5423 
5424 
5425 
5426 
5427 
5428 
5429 
5430 
5431 
5432 
5433 
5434 
5435 
5436 
5437 
5438 
5439 
5440 
5441 
5442 
5443 
5444 
5445 
5446 
5447 
5448 
5449 
5450 
5451 
5452 
5453 
5454 
5455 
5456 
5457 
5458 
5459 
5460 
5461 
5462 
5463 
5464 
5465 
5466 
5467 
5468 
5469 
5470 
5471 
5472 
5473 
5474 
5475 
5476 
5477 
5478 
5479 
5480 
5481 
5482 
5483 
5484 
5485 
5486 
5487 
5488 
5489 
5490 
5491 
5492 
5493 
5494 
5495 
5496 
5497 
5498 
5499 
5500 
5501 
5502 
5503 
5504 
5505 
5506 
5507 
5508 
5509 
5510 
5511 
5512 
5513 
5514 
5515 
5516 
5517 
5518 
5519 
5520 
5521 
5522 
5523 
5524 
5525 
5526 
5527 
5528 
5529 
5530 
5531 
5532 
5533 
5534 
5535 
5536 
5537 
5538 
5539 
5540 
5541 
5542 
5543 
5544 
5545 
5546 
5547 
5548 
5549 
5550 
5551 
5552 
5553 
5554 
5555 
5556 
5557 
5558 
5559 
5560 
5561 
5562 
5563 
5564 
5565 
5566 
5567 
5568 
5569 
5570 
5571 
5572 
5573 
5574 
5575 
5576 
5577 
5578 
5579 
5580 
5581 
5582 
5583 
5584 
5585 
5586 
5587 
5588 
5589 
5590 
5591 
5592 
5593 
5594 
5595 
5596 
5597 
5598 
5599 
5600 
5601 
5602 
5603 
72606 
72607 
72608 
72609 
72610 
72611 
72612 
72613 
72614 
72615 
72616 
72617 
72618 
72619 
72620 
72621 
72622 
72623 
72624 
72625 
72626 
72627 
72628 
72629 
72630 
72631 
72632 
72633 
72634 
72635 
72636 
72637 
72638 
72639 
72640 
72641 
72642 
72643 
72644 
72645 
72646 
72647 
72648 
72649 
72650 
72651 
72652 
72653 
72654 
72655 
72656 
72657 
72658 
72659 
72660 
72661 
72662 
72663 
72664 
72665 
72666 
72667 
72668 
72669 
72670 
72671 
72672 
72673 
72674 
72675 
72676 
72677 
72678 
72679 
72680 
72681 
72682 
72683 
72684 
72685 
72686 
72687 
72688 
72689 
72690 
72691 
72692 
72693 
72694 
72695 
72696 
72697 
72698 
72699 
72700 
72701 
72702 
72703 
72704 
72705 
72706 
72707 
72708 
72709 
72710 
72711 
72712 
72713 
72714 
72715 
72716 
72717 
72718 
72719 
72720 
72721 
72722 
72723 
72724 
72725 
72726 
72727 
72728 
72729 
72730 
72731 
72732 
72733 
72734 
72735 
72736 
72737 
72738 
72739 
72740 
72741 
72742 
72743 
72744 
72745 
72746 
72747 
72748 
72749 
72750 
72751 
72752 
72753 
72754 
72755 
72756 
72757 
72758 
72759 
72760 
72761 
72762 
72763 
72764 
72765 
72766 
72767 
72768 
72769 
72770 
72771 
72772 
72773 
72774 
72775 
72776 
72777 
72778 
72779 
72780 
72781 
72782 
72783 
72784 
72785 
72786 
72787 
72788 
72789 
72790 
72791 
72792 
72793 
72794 
72795 
72796 
72797 
72798 
72799 
72800 
72801 
72802 
72803 
72804 
72805 
72806 
72807 
72808 
72809 
72810 
72811 
72812 
72813 
72814 
72815 
72816 
72817 
72818 
72819 
72820 
72821 
72822 
72823 
72824 
72825 
72826 
72827 
72828 
72829 
72830 
72831 
72832 
72833 
72834 
72835 
72836 
72837 
72838 
72839 
72840 
72841 
72842 
72843 
72844 
72845 
72846 
72847 
72848 
72849 
72850 
72851 
72852 
72853 
72854 
72855 
72856 
72857 
72858 
72859 
72860 
72861 
72862 
72863 
72864 
72865 
72866 
72867 
72868 
72869 
72870 
72871 
72872 
72873 
72874 
56490 
72875 
56491 
72876 
56492 
72877 
56493 
72878 
56494 
72879 
56495 
72880 
56496 
72881 
56497 
72882 
56498 
72883 
56499 
72884 
56500 
72885 
56501 
72886 
56502 
72887 
56503 
72888 
56504 
72889 
56505 
72890 
56506 
72891 
56507 
72892 
56508 
72893 
56509 
56510 
56511 
56512 
56513 
56514 
56515 
56516 
56517 
56518 
56519 
56520 
56521 
56522 
56523 
56524 
56525 
56526 
56527 
56528 
56529 
56530 
56531 
56532 
56533 
56534 
56535 
56536 
56537 
56538 
56539 
56540 
56541 
56542 
56543 
56544 
56545 
56546 
56547 
56548 
56549 
56550 
56551 
56552 
56553 
56554 
56555 
56556 
56557 
56558 
56559 
56560 
56561 
56562 
56563 
56564 
56565 
56566 
56567 
56568 
56569 
56570 
56571 
56572 
56573 
56574 
56575 
56576 
56577 
56578 
56579 
56580 
56581 
56582 
56583 
56584 
56585 
56586 
56587 
56588 
56589 
56590 
56591 
56592 
56593 
56594 
56595 
56596 
56597 
56598 
56599 
56600 
56601 
56602 
56603 
56604 
56605 
56606 
56607 
56608 
56609 
56610 
56611 
56612 
56613 
56614 
56615 
56616 
56617 
56618 
56619 
56620 
56621 
56622 
56623 
56624 
56625 
56626 
56627 
56628 
56629 
56630 
56631 
56632 
56633 
56634 
56635 
56636 
56637 
56638 
56639 
56640 
56641 
56642 
56643 
56644 
56645 
56646 
56647 
56648 
56649 
56650 
56651 
56652 
56653 
56654 
56655 
56656 
56657 
56658 
56659 
56660 
56661 
56662 
56663 
56664 
56665 
56666 
56667 
56668 
56669 
56670 
56671 
56672 
56673 
56674 
40290 
56675 
40291 
56676 
40292 
56677 
40293 
56678 
40294 
56679 
40295 
56680 
40296 
56681 
40297 
56682 
40298 
56683 
40299 
56684 
40300 
56685 
40301 
56686 
40302 
56687 
40303 
56688 
40304 
56689 
40305 
56690 
40306 
56691 
40307 
56692 
40308 
56693 
40309 
56694 
40310 
56695 
40311 
56696 
40312 
56697 
40313 
56698 
40314 
56699 
40315 
56700 
40316 
56701 
40317 
56702 
40318 
56703 
40319 
56704 
40320 
56705 
40321 
56706 
40322 
56707 
40323 
56708 
40324 
56709 
40325 
56710 
40326 
56711 
40327 
56712 
40328 
56713 
40329 
56714 
40330 
56715 
40331 
56716 
40332 
56717 
40333 
56718 
40334 
56719 
40335 
56720 
40336 
56721 
40337 
56722 
40338 
56723 
40339 
56724 
40340 
56725 
40341 
56726 
40342 
56727 
40343 
56728 
40344 
56729 
40345 
56730 
40346 
56731 
40347 
56732 
40348 
56733 
40349 
56734 
40350 
56735 
40351 
56736 
40352 
56737 
40353 
56738 
40354 
56739 
40355 
56740 
40356 
56741 
40357 
56742 
40358 
56743 
40359 
56744 
40360 
56745 
40361 
56746 
40362 
56747 
40363 
56748 
40364 
56749 
40365 
56750 
40366 
56751 
40367 
56752 
40368 
56753 
40369 
56754 
40370 
56755 
40371 
56756 
40372 
56757 
40373 
56758 
40374 
56759 
40375 
56760 
40376 
56761 
40377 
56762 
40378 
56763 
40379 
56764 
40380 
56765 
40381 
56766 
40382 
56767 
40383 
56768 
40384 
56769 
40385 
56770 
40386 
56771 
40387 
56772 
40388 
56773 
40389 
56774 
40390 
56775 
40391 
56776 
40392 
56777 
40393 
56778 
40394 
56779 
40395 
56780 
40396 
56781 
40397 
56782 
40398 
56783 
40399 
56784 
40400 
56785 
40401 
56786 
40402 
56787 
40403 
56788 
40404 
56789 
40405 
40406 
40407 
40408 
40409 
40410 
40411 
40412 
40413 
40414 
40415 
40416 
40417 
40418 
40419 
40420 
40421 
40422 
40423 
40424 
40425 
40426 
40427 
40428 
40429 
40430 
40431 
40432 
40433 
40434 
40435 
40436 
40437 
40438 
40439 
40440 
40441 
40442 
40443 
40444 
40445 
40446 
40447 
40448 
40449 
40450 
40451 
40452 
40453 
40454 
40455 
40456 
40457 
40458 
40459 
40460 
40461 
40462 
40463 
40464 
40465 
40466 
40467 
40468 
40469 
40470 
40471 
40472 
40473 
40474 
24090 
40475 
24091 
40476 
24092 
40477 
24093 
40478 
24094 
40479 
24095 
40480 
24096 
40481 
24097 
40482 
24098 
40483 
24099 
40484 
24100 
40485 
24101 
40486 
24102 
40487 
24103 
40488 
24104 
40489 
24105 
40490 
24106 
40491 
24107 
40492 
24108 
40493 
24109 
40494 
24110 
40495 
24111 
40496 
24112 
40497 
24113 
40498 
24114 
40499 
24115 
40500 
24116 
40501 
24117 
40502 
24118 
40503 
24119 
40504 
24120 
40505 
24121 
40506 
24122 
40507 
24123 
40508 
24124 
40509 
24125 
40510 
24126 
40511 
24127 
40512 
24128 
40513 
24129 
40514 
24130 
40515 
24131 
40516 
24132 
40517 
24133 
40518 
24134 
40519 
24135 
40520 
24136 
40521 
24137 
40522 
24138 
40523 
24139 
40524 
24140 
40525 
24141 
40526 
24142 
40527 
24143 
40528 
24144 
40529 
24145 
40530 
24146 
40531 
24147 
40532 
24148 
40533 
24149 
40534 
24150 
40535 
24151 
40536 
24152 
40537 
24153 
40538 
24154 
40539 
24155 
40540 
24156 
40541 
24157 
40542 
24158 
40543 
24159 
40544 
24160 
40545 
24161 
40546 
24162 
40547 
24163 
40548 
24164 
40549 
24165 
40550 
24166 
40551 
24167 
40552 
24168 
40553 
24169 
40554 
24170 
40555 
24171 
40556 
24172 
40557 
24173 
40558 
24174 
40559 
24175 
40560 
24176 
40561 
24177 
40562 
24178 
40563 
24179 
40564 
24180 
40565 
24181 
40566 
24182 
40567 
24183 
40568 
24184 
40569 
24185 
40570 
24186 
40571 
24187 
40572 
24188 
40573 
24189 
40574 
24190 
40575 
24191 
40576 
24192 
40577 
24193 
40578 
24194 
40579 
24195 
40580 
24196 
40581 
24197 
40582 
24198 
40583 
24199 
40584 
24200 
40585 
24201 
40586 
24202 
40587 
24203 
40588 
24204 
40589 
24205 
24206 
24207 
24208 
24209 
24210 
24211 
24212 
24213 
24214 
24215 
24216 
24217 
24218 
24219 
24220 
24221 
24222 
24223 
24224 
24225 
24226 
24227 
24228 
24229 
24230 
24231 
24232 
24233 
24234 
24235 
24236 
24237 
24238 
24239 
24240 
24241 
24242 
24243 
24244 
24245 
24246 
24247 
24248 
24249 
24250 
24251 
24252 
24253 
24254 
24255 
24256 
24257 
24258 
24259 
24260 
24261 
24262 
24263 
24264 
24265 
24266 
24267 
24268 
24269 
24270 
24271 
24272 
24273 
24274 
24275 
24276 
24277 
24278 
24279 
24280 
24281 
24282 
24283 
24284 
24285 
24286 
24287 
24288 
24289 
24290 
24291 
24292 
24293 
24294 
24295 
24296 
24297 
24298 
24299 
24300 
24301 
24302 
24303 
24304 
24305 
24306 
24307 
24308 
24309 
24310 
24311 
24312 
24313 
24314 
24315 
24316 
24317 
24318 
24319 
24320 
24321 
24322 
24323 
24324 
24325 
24326 
24327 
24328 
24329 
24330 
24331 
24332 
24333 
24334 
24335 
24336 
24337 
24338 
24339 
24340 
24341 
24342 
24343 
24344 
24345 
24346 
24347 
24348 
24349 
24350 
24351 
24352 
24353 
24354 
24355 
24356 
24357 
24358 
7974 
24359 
7975 
24360 
7976 
24361 
7977 
24362 
7978 
24363 
7979 
24364 
7980 
24365 
7981 
24366 
7982 
24367 
7983 
24368 
7984 
24369 
7985 
24370 
7986 
24371 
7987 
24372 
7988 
24373 
7989 
24374 
7990 
24375 
7991 
24376 
7992 
24377 
7993 
24378 
7994 
24379 
7995 
24380 
7996 
24381 
7997 
24382 
7998 
24383 
7999 
24384 
8000 
24385 
8001 
24386 
8002 
24387 
8003 
24388 
8004 
24389 
8005 
8006 
8007 
8008 
8009 
8010 
8011 
8012 
8013 
8014 
8015 
8016 
8017 
8018 
8019 
8020 
8021 
8022 
8023 
8024 
8025 
8026 
8027 
8028 
8029 
8030 
8031 
8032 
8033 
8034 
8035 
8036 
8037 
8038 
8039 
8040 
8041 
8042 
8043 
8044 
8045 
8046 
8047 
8048 
8049 
8050 
8051 
8052 
8053 
8054 
8055 
8056 
8057 
8058 
8059 
8060 
8061 
8062 
8063 
8064 
8065 
8066 
8067 
8068 
8069 
8070 
8071 
8072 
8073 
8074 
8075 
8076 
8077 
8078 
8079 
8080 
8081 
8082 
8083 
8084 
8085 
8086 
8087 
8088 
8089 
8090 
8091 
8092 
8093 
8094 
8095 
8096 
8097 
8098 
8099 
8100 
8101 
8102 
8103 
8104 
8105 
8106 
8107 
8108 
8109 
8110 
8111 
8112 
8113 
8114 
8115 
8116 
8117 
8118 
8119 
8120 
8121 
8122 
8123 
8124 
8125 
8126 
8127 
8128 
8129 
8130 
8131 
8132 
8133 
8134 
8135 
8136 
8137 
8138 
8139 
8140 
8141 
8142 
8143 
8144 
8145 
8146 
8147 
8148 
8149 
8150 
8151 
8152 
8153 
8154 
8155 
8156 
8157 
8158 
8159 
8160 
8161 
8162 
8163 
8164 
8165 
8166 
8167 
8168 
8169 
8170 
8171 
8172 
8173 
8174 
8175 
8176 
8177 
8178 
8179 
8180 
8181 
8182 
8183 
8184 
8185 
8186 
8187 
8188 
8189 
8190 
8191 
8192 
8193 
8194 
8195 
8196 
8197 
8198 
8199 
8200 
8201 
8202 
8203 
8204 
8205 
8206 
8207 
8208 
8209 
8210 
8211 
8212 
8213 
8214 
8215 
8216 
8217 
8218 
8219 
8220 
8221 
8222 
8223 
8224 
8225 
8226 
8227 
8228 
8229 
8230 
8231 
8232 
8233 
8234 
8235 
8236 
8237 
8238 
8239 
8240 
8241 
8242 
8243 
8244 
8245 
8246 
8247 
8248 
8249 
8250 
8251 
8252 
8253 
8254 
8255 
8256 
8257 
8258 
8259 
8260 
8261 
75264 
75265 
75266 
75267 
75268 
75269 
75270 
75271 
75272 
75273 
75274 
75275 
75276 
75277 
75278 
75279 
75280 
75281 
75282 
75283 
75284 
75285 
75286 
75287 
75288 
75289 
75290 
75291 
75292 
75293 
75294 
75295 
75296 
75297 
75298 
75299 
75300 
75301 
75302 
75303 
75304 
75305 
75306 
75307 
75308 
75309 
75310 
75311 
75312 
75313 
75314 
75315 
75316 
75317 
75318 
75319 
75320 
75321 
75322 
75323 
75324 
75325 
75326 
75327 
75328 
75329 
75330 
75331 
75332 
75333 
75334 
75335 
75336 
75337 
75338 
75339 
75340 
75341 
75342 
75343 
75344 
75345 
75346 
75347 
75348 
75349 
75350 
75351 
75352 
75353 
75354 
75355 
75356 
75357 
75358 
75359 
75360 
75361 
75362 
75363 
75364 
75365 
75366 
75367 
75368 
75369 
75370 
75371 
75372 
75373 
75374 
75375 
75376 
75377 
75378 
75379 
75380 
75381 
75382 
75383 
75384 
75385 
75386 
75387 
75388 
75389 
75390 
75391 
75392 
75393 
75394 
75395 
75396 
75397 
75398 
75399 
75400 
75401 
75402 
75403 
75404 
75405 
75406 
75407 
75408 
75409 
75410 
75411 
75412 
75413 
75414 
75415 
75416 
75417 
75418 
75419 
75420 
75421 
75422 
75423 
75424 
75425 
75426 
75427 
75428 
75429 
75430 
75431 
75432 
75433 
75434 
75435 
75436 
75437 
75438 
75439 
75440 
75441 
75442 
75443 
75444 
75445 
75446 
75447 
75448 
75449 
75450 
75451 
75452 
75453 
75454 
75455 
75456 
75457 
75458 
75459 
75460 
75461 
75462 
75463 
75464 
75465 
75466 
75467 
75468 
75469 
75470 
75471 
75472 
75473 
75474 
75475 
75476 
75477 
75478 
75479 
75480 
75481 
75482 
75483 
75484 
75485 
75486 
75487 
75488 
75489 
75490 
75491 
75492 
75493 
75494 
75495 
75496 
75497 
75498 
75499 
75500 
75501 
75502 
75503 
75504 
75505 
75506 
75507 
75508 
75509 
75510 
75511 
75512 
75513 
75514 
75515 
75516 
75517 
75518 
75519 
75520 
75521 
75522 
75523 
75524 
75525 
75526 
75527 
75528 
75529 
75530 
75531 
75532 
75533 
75534 
75535 
75536 
75537 
75538 
75539 
75540 
75541 
75542 
75543 
75544 
75545 
75546 
75547 
75548 
75549 
75550 
75551 
59190 
59191 
59192 
59193 
59194 
59195 
59196 
59197 
59198 
59199 
59200 
59201 
59202 
59203 
59204 
59205 
59206 
59207 
59208 
59209 
59210 
59211 
59212 
59213 
59214 
59215 
59216 
59217 
59218 
59219 
59220 
59221 
59222 
59223 
59224 
59225 
59226 
59227 
59228 
59229 
59230 
59231 
59232 
59233 
59234 
59235 
59236 
59237 
59238 
59239 
59240 
59241 
59242 
59243 
59244 
59245 
59246 
59247 
59248 
59249 
59250 
59251 
59252 
59253 
59254 
59255 
59256 
59257 
59258 
59259 
59260 
59261 
59262 
59263 
59264 
59265 
59266 
59267 
59268 
59269 
59270 
59271 
59272 
59273 
59274 
59275 
59276 
59277 
59278 
59279 
59280 
59281 
59282 
59283 
59284 
59285 
59286 
59287 
59288 
59289 
59290 
59291 
59292 
59293 
59294 
59295 
59296 
59297 
59298 
59299 
59300 
59301 
59302 
59303 
59304 
59305 
59306 
59307 
59308 
59309 
59310 
59311 
59312 
59313 
59314 
59315 
59316 
59317 
59318 
59319 
59320 
59321 
59322 
59323 
59324 
59325 
59326 
59327 
59328 
59329 
59330 
59331 
59332 
59333 
59334 
59335 
59336 
59337 
59338 
59339 
59340 
59341 
59342 
59343 
59344 
59345 
59346 
59347 
59348 
59349 
59350 
59351 
59352 
59353 
59354 
59355 
59356 
59357 
59358 
59359 
59360 
59361 
59362 
59363 
59364 
59365 
59366 
59367 
59368 
59369 
59370 
59371 
59372 
59373 
59374 
42990 
59375 
42991 
59376 
42992 
59377 
42993 
59378 
42994 
59379 
42995 
59380 
42996 
59381 
42997 
59382 
42998 
59383 
42999 
59384 
43000 
59385 
43001 
59386 
43002 
59387 
43003 
59388 
43004 
59389 
43005 
59390 
43006 
59391 
43007 
59392 
43008 
59393 
43009 
59394 
43010 
59395 
43011 
59396 
43012 
59397 
43013 
59398 
43014 
59399 
43015 
59400 
43016 
59401 
43017 
59402 
43018 
59403 
43019 
59404 
43020 
59405 
43021 
59406 
43022 
59407 
43023 
59408 
43024 
59409 
43025 
59410 
43026 
59411 
43027 
59412 
43028 
59413 
43029 
59414 
43030 
59415 
43031 
59416 
43032 
59417 
43033 
59418 
43034 
59419 
43035 
59420 
43036 
59421 
43037 
59422 
43038 
59423 
43039 
59424 
43040 
59425 
43041 
59426 
43042 
59427 
43043 
59428 
43044 
59429 
43045 
59430 
43046 
59431 
43047 
59432 
43048 
59433 
43049 
59434 
43050 
59435 
43051 
59436 
43052 
59437 
43053 
59438 
43054 
59439 
43055 
59440 
43056 
59441 
43057 
59442 
43058 
59443 
43059 
59444 
43060 
59445 
43061 
59446 
43062 
59447 
43063 
59448 
43064 
59449 
43065 
59450 
43066 
59451 
43067 
59452 
43068 
59453 
43069 
59454 
43070 
59455 
43071 
59456 
43072 
59457 
43073 
59458 
43074 
59459 
43075 
59460 
43076 
59461 
43077 
59462 
43078 
59463 
43079 
59464 
43080 
59465 
43081 
59466 
43082 
59467 
43083 
59468 
43084 
59469 
43085 
59470 
43086 
59471 
43087 
59472 
43088 
59473 
43089 
59474 
43090 
59475 
43091 
59476 
43092 
59477 
43093 
59478 
43094 
59479 
43095 
59480 
43096 
59481 
43097 
59482 
43098 
59483 
43099 
59484 
43100 
59485 
43101 
59486 
43102 
59487 
43103 
59488 
43104 
59489 
43105 
43106 
43107 
43108 
43109 
43110 
43111 
43112 
43113 
43114 
43115 
43116 
43117 
43118 
43119 
43120 
43121 
43122 
43123 
43124 
43125 
43126 
43127 
43128 
43129 
43130 
43131 
43132 
43133 
43134 
43135 
43136 
43137 
43138 
43139 
43140 
43141 
43142 
43143 
43144 
43145 
43146 
43147 
43148 
43149 
43150 
43151 
43152 
43153 
43154 
43155 
43156 
43157 
43158 
43159 
43160 
43161 
43162 
43163 
43164 
43165 
43166 
43167 
43168 
43169 
43170 
43171 
43172 
43173 
43174 
26790 
43175 
26791 
43176 
26792 
43177 
26793 
43178 
26794 
43179 
26795 
43180 
26796 
43181 
26797 
43182 
26798 
43183 
26799 
43184 
26800 
43185 
26801 
43186 
26802 
43187 
26803 
43188 
26804 
43189 
26805 
43190 
26806 
43191 
26807 
43192 
26808 
43193 
26809 
43194 
26810 
43195 
26811 
43196 
26812 
43197 
26813 
43198 
26814 
43199 
26815 
43200 
26816 
43201 
26817 
43202 
26818 
43203 
26819 
43204 
26820 
43205 
26821 
43206 
26822 
43207 
26823 
43208 
26824 
43209 
26825 
43210 
26826 
43211 
26827 
43212 
26828 
43213 
26829 
43214 
26830 
43215 
26831 
43216 
26832 
43217 
26833 
43218 
26834 
43219 
26835 
43220 
26836 
43221 
26837 
43222 
26838 
43223 
26839 
43224 
26840 
43225 
26841 
43226 
26842 
43227 
26843 
43228 
26844 
43229 
26845 
43230 
26846 
43231 
26847 
43232 
26848 
43233 
26849 
43234 
26850 
43235 
26851 
43236 
26852 
43237 
26853 
43238 
26854 
43239 
26855 
43240 
26856 
43241 
26857 
43242 
26858 
43243 
26859 
43244 
26860 
43245 
26861 
43246 
26862 
43247 
26863 
43248 
26864 
43249 
26865 
43250 
26866 
43251 
26867 
43252 
26868 
43253 
26869 
43254 
26870 
43255 
26871 
43256 
26872 
43257 
26873 
43258 
26874 
43259 
26875 
43260 
26876 
43261 
26877 
43262 
26878 
43263 
26879 
43264 
26880 
43265 
26881 
43266 
26882 
43267 
26883 
43268 
26884 
43269 
26885 
43270 
26886 
43271 
26887 
43272 
26888 
43273 
26889 
43274 
26890 
43275 
26891 
43276 
26892 
43277 
26893 
43278 
26894 
43279 
26895 
43280 
26896 
43281 
26897 
43282 
26898 
43283 
26899 
43284 
26900 
43285 
26901 
43286 
26902 
43287 
26903 
43288 
26904 
43289 
26905 
26906 
26907 
26908 
26909 
26910 
26911 
26912 
26913 
26914 
26915 
26916 
26917 
26918 
26919 
26920 
26921 
26922 
26923 
26924 
26925 
26926 
26927 
26928 
26929 
26930 
26931 
26932 
26933 
26934 
26935 
26936 
26937 
26938 
26939 
26940 
26941 
26942 
26943 
26944 
26945 
26946 
26947 
26948 
26949 
26950 
26951 
26952 
26953 
26954 
26955 
26956 
26957 
26958 
26959 
26960 
26961 
26962 
26963 
26964 
26965 
26966 
26967 
26968 
26969 
26970 
26971 
26972 
26973 
26974 
26975 
26976 
26977 
26978 
26979 
26980 
26981 
26982 
26983 
26984 
26985 
26986 
26987 
26988 
26989 
26990 
26991 
26992 
26993 
26994 
26995 
26996 
26997 
26998 
26999 
27000 
27001 
27002 
27003 
27004 
27005 
27006 
27007 
27008 
27009 
27010 
27011 
27012 
27013 
27014 
27015 
27016 
10632 
27017 
10633 
27018 
10634 
27019 
10635 
27020 
10636 
27021 
10637 
27022 
10638 
27023 
10639 
27024 
10640 
27025 
10641 
27026 
10642 
27027 
10643 
27028 
10644 
27029 
10645 
27030 
10646 
27031 
10647 
27032 
10648 
27033 
10649 
27034 
10650 
27035 
10651 
27036 
10652 
27037 
10653 
27038 
10654 
27039 
10655 
27040 
10656 
27041 
10657 
27042 
10658 
27043 
10659 
27044 
10660 
27045 
10661 
27046 
10662 
27047 
10663 
27048 
10664 
27049 
10665 
27050 
10666 
27051 
10667 
27052 
10668 
27053 
10669 
27054 
10670 
27055 
10671 
27056 
10672 
27057 
10673 
27058 
10674 
27059 
10675 
27060 
10676 
27061 
10677 
27062 
10678 
27063 
10679 
27064 
10680 
27065 
10681 
27066 
10682 
27067 
10683 
27068 
10684 
27069 
10685 
27070 
10686 
27071 
10687 
27072 
10688 
27073 
10689 
27074 
10690 
27075 
10691 
27076 
10692 
27077 
10693 
27078 
10694 
27079 
10695 
27080 
10696 
27081 
10697 
27082 
10698 
27083 
10699 
27084 
10700 
27085 
10701 
27086 
10702 
27087 
10703 
27088 
10704 
27089 
10705 
10706 
10707 
10708 
10709 
10710 
10711 
10712 
10713 
10714 
10715 
10716 
10717 
10718 
10719 
10720 
10721 
10722 
10723 
10724 
10725 
10726 
10727 
10728 
10729 
10730 
10731 
10732 
10733 
10734 
10735 
10736 
10737 
10738 
10739 
10740 
10741 
10742 
10743 
10744 
10745 
10746 
10747 
10748 
10749 
10750 
10751 
10752 
10753 
10754 
10755 
10756 
10757 
10758 
10759 
10760 
10761 
10762 
10763 
10764 
10765 
10766 
10767 
10768 
10769 
10770 
10771 
10772 
10773 
10774 
10775 
10776 
10777 
10778 
10779 
10780 
10781 
10782 
10783 
10784 
10785 
10786 
10787 
10788 
10789 
10790 
10791 
10792 
10793 
10794 
10795 
10796 
10797 
10798 
10799 
10800 
10801 
10802 
10803 
10804 
10805 
10806 
10807 
10808 
10809 
10810 
10811 
10812 
10813 
10814 
10815 
10816 
10817 
10818 
10819 
10820 
10821 
10822 
10823 
10824 
10825 
10826 
10827 
10828 
10829 
10830 
10831 
10832 
10833 
10834 
10835 
10836 
10837 
10838 
10839 
10840 
10841 
10842 
10843 
10844 
10845 
10846 
10847 
10848 
10849 
10850 
10851 
10852 
10853 
10854 
10855 
10856 
10857 
10858 
10859 
10860 
10861 
10862 
10863 
10864 
10865 
10866 
10867 
10868 
10869 
10870 
10871 
10872 
10873 
10874 
10875 
10876 
10877 
10878 
10879 
10880 
10881 
10882 
10883 
10884 
10885 
10886 
10887 
10888 
10889 
10890 
10891 
10892 
10893 
10894 
10895 
10896 
10897 
10898 
10899 
10900 
10901 
10902 
10903 
10904 
10905 
10906 
10907 
10908 
10909 
10910 
10911 
10912 
10913 
10914 
10915 
10916 
10917 
10918 
10919 
77922 
77923 
77924 
77925 
77926 
77927 
77928 
77929 
77930 
77931 
77932 
77933 
77934 
77935 
77936 
77937 
77938 
77939 
77940 
77941 
77942 
77943 
77944 
77945 
77946 
77947 
77948 
77949 
77950 
77951 
77952 
77953 
77954 
77955 
77956 
77957 
77958 
77959 
77960 
77961 
77962 
77963 
77964 
77965 
77966 
77967 
77968 
77969 
77970 
77971 
77972 
77973 
77974 
77975 
77976 
77977 
77978 
77979 
77980 
77981 
77982 
77983 
77984 
77985 
77986 
77987 
77988 
77989 
77990 
77991 
77992 
77993 
77994 
77995 
77996 
77997 
77998 
77999 
78000 
78001 
78002 
78003 
78004 
78005 
78006 
78007 
78008 
78009 
78010 
78011 
78012 
78013 
78014 
78015 
78016 
78017 
78018 
78019 
78020 
78021 
78022 
78023 
78024 
78025 
78026 
78027 
78028 
78029 
78030 
78031 
78032 
78033 
78034 
78035 
78036 
78037 
78038 
78039 
78040 
78041 
78042 
78043 
78044 
78045 
78046 
78047 
78048 
78049 
78050 
78051 
78052 
78053 
78054 
78055 
78056 
78057 
78058 
78059 
78060 
78061 
78062 
78063 
78064 
78065 
78066 
78067 
78068 
78069 
78070 
78071 
78072 
78073 
78074 
78075 
78076 
78077 
78078 
78079 
78080 
78081 
78082 
78083 
78084 
78085 
78086 
78087 
78088 
78089 
78090 
78091 
78092 
78093 
78094 
78095 
78096 
78097 
78098 
78099 
78100 
78101 
78102 
78103 
78104 
78105 
78106 
78107 
78108 
78109 
78110 
78111 
78112 
78113 
78114 
78115 
78116 
78117 
78118 
78119 
78120 
78121 
78122 
78123 
78124 
78125 
78126 
78127 
78128 
78129 
78130 
78131 
78132 
78133 
78134 
78135 
78136 
78137 
78138 
78139 
78140 
78141 
78142 
78143 
78144 
78145 
78146 
78147 
78148 
78149 
78150 
78151 
78152 
78153 
78154 
78155 
78156 
78157 
78158 
78159 
78160 
78161 
78162 
78163 
78164 
78165 
78166 
78167 
78168 
78169 
78170 
78171 
78172 
78173 
78174 
78175 
78176 
78177 
78178 
78179 
78180 
78181 
78182 
78183 
78184 
78185 
78186 
78187 
78188 
78189 
78190 
78191 
78192 
78193 
78194 
78195 
78196 
78197 
78198 
78199 
78200 
78201 
78202 
78203 
78204 
78205 
78206 
78207 
78208 
78209 
61890 
61891 
61892 
61893 
61894 
61895 
61896 
61897 
61898 
61899 
61900 
61901 
61902 
61903 
61904 
61905 
61906 
61907 
61908 
61909 
61910 
61911 
61912 
61913 
61914 
61915 
61916 
61917 
61918 
61919 
61920 
61921 
61922 
61923 
61924 
61925 
61926 
61927 
61928 
61929 
61930 
61931 
61932 
61933 
61934 
61935 
61936 
61937 
61938 
61939 
61940 
61941 
61942 
61943 
61944 
61945 
61946 
61947 
61948 
61949 
61950 
61951 
61952 
61953 
61954 
61955 
61956 
61957 
61958 
61959 
61960 
61961 
61962 
61963 
61964 
61965 
61966 
61967 
61968 
61969 
61970 
61971 
61972 
61973 
61974 
61975 
61976 
61977 
61978 
61979 
61980 
61981 
61982 
61983 
61984 
61985 
61986 
61987 
61988 
61989 
61990 
61991 
61992 
61993 
61994 
61995 
61996 
61997 
61998 
61999 
62000 
62001 
62002 
62003 
62004 
62005 
62006 
62007 
62008 
62009 
62010 
62011 
62012 
62013 
62014 
62015 
62016 
62017 
62018 
62019 
62020 
62021 
62022 
62023 
62024 
62025 
62026 
62027 
62028 
62029 
62030 
62031 
62032 
62033 
62034 
62035 
62036 
62037 
62038 
62039 
62040 
62041 
62042 
62043 
62044 
62045 
62046 
62047 
62048 
62049 
62050 
62051 
62052 
62053 
62054 
62055 
62056 
62057 
62058 
62059 
62060 
62061 
62062 
62063 
62064 
62065 
62066 
62067 
62068 
62069 
62070 
62071 
62072 
62073 
62074 
45690 
62075 
45691 
62076 
45692 
62077 
45693 
62078 
45694 
62079 
45695 
62080 
45696 
62081 
45697 
62082 
45698 
62083 
45699 
62084 
45700 
62085 
45701 
62086 
45702 
62087 
45703 
62088 
45704 
62089 
45705 
62090 
45706 
62091 
45707 
62092 
45708 
62093 
45709 
62094 
45710 
62095 
45711 
62096 
45712 
62097 
45713 
62098 
45714 
62099 
45715 
62100 
45716 
62101 
45717 
62102 
45718 
62103 
45719 
62104 
45720 
62105 
45721 
62106 
45722 
62107 
45723 
62108 
45724 
62109 
45725 
62110 
45726 
62111 
45727 
62112 
45728 
62113 
45729 
62114 
45730 
62115 
45731 
62116 
45732 
62117 
45733 
62118 
45734 
62119 
45735 
62120 
45736 
62121 
45737 
62122 
45738 
62123 
45739 
62124 
45740 
62125 
45741 
62126 
45742 
62127 
45743 
62128 
45744 
62129 
45745 
62130 
45746 
62131 
45747 
62132 
45748 
62133 
45749 
62134 
45750 
62135 
45751 
62136 
45752 
62137 
45753 
62138 
45754 
62139 
45755 
62140 
45756 
62141 
45757 
62142 
45758 
62143 
45759 
62144 
45760 
62145 
45761 
62146 
45762 
62147 
45763 
62148 
45764 
62149 
45765 
62150 
45766 
62151 
45767 
62152 
45768 
62153 
45769 
62154 
45770 
62155 
45771 
62156 
45772 
62157 
45773 
62158 
45774 
62159 
45775 
62160 
45776 
62161 
45777 
62162 
45778 
62163 
45779 
62164 
45780 
62165 
45781 
62166 
45782 
62167 
45783 
62168 
45784 
62169 
45785 
62170 
45786 
62171 
45787 
62172 
45788 
62173 
45789 
62174 
45790 
62175 
45791 
62176 
45792 
62177 
45793 
62178 
45794 
62179 
45795 
62180 
45796 
62181 
45797 
62182 
45798 
62183 
45799 
62184 
45800 
62185 
45801 
62186 
45802 
62187 
45803 
62188 
45804 
62189 
45805 
45806 
45807 
45808 
45809 
45810 
45811 
45812 
45813 
45814 
45815 
45816 
45817 
45818 
45819 
45820 
45821 
45822 
45823 
45824 
45825 
45826 
45827 
45828 
45829 
45830 
45831 
45832 
45833 
45834 
45835 
45836 
45837 
45838 
45839 
45840 
45841 
45842 
45843 
45844 
45845 
45846 
45847 
45848 
45849 
45850 
45851 
45852 
45853 
45854 
45855 
45856 
45857 
45858 
45859 
45860 
45861 
45862 
45863 
45864 
45865 
45866 
45867 
45868 
45869 
45870 
45871 
45872 
45873 
45874 
29490 
45875 
29491 
45876 
29492 
45877 
29493 
45878 
29494 
45879 
29495 
45880 
29496 
45881 
29497 
45882 
29498 
45883 
29499 
45884 
29500 
45885 
29501 
45886 
29502 
45887 
29503 
45888 
29504 
45889 
29505 
45890 
29506 
45891 
29507 
45892 
29508 
45893 
29509 
45894 
29510 
45895 
29511 
45896 
29512 
45897 
29513 
45898 
29514 
45899 
29515 
45900 
29516 
45901 
29517 
45902 
29518 
45903 
29519 
45904 
29520 
45905 
29521 
45906 
29522 
45907 
29523 
45908 
29524 
45909 
29525 
45910 
29526 
45911 
29527 
45912 
29528 
45913 
29529 
45914 
29530 
45915 
29531 
45916 
29532 
45917 
29533 
45918 
29534 
45919 
29535 
45920 
29536 
45921 
29537 
45922 
29538 
45923 
29539 
45924 
29540 
45925 
29541 
45926 
29542 
45927 
29543 
45928 
29544 
45929 
29545 
45930 
29546 
45931 
29547 
45932 
29548 
45933 
29549 
45934 
29550 
45935 
29551 
45936 
29552 
45937 
29553 
45938 
29554 
45939 
29555 
45940 
29556 
45941 
29557 
45942 
29558 
45943 
29559 
45944 
29560 
45945 
29561 
45946 
29562 
45947 
29563 
45948 
29564 
45949 
29565 
45950 
29566 
45951 
29567 
45952 
29568 
45953 
29569 
45954 
29570 
45955 
29571 
45956 
29572 
45957 
29573 
45958 
29574 
45959 
29575 
45960 
29576 
45961 
29577 
45962 
29578 
45963 
29579 
45964 
29580 
45965 
29581 
45966 
29582 
45967 
29583 
45968 
29584 
45969 
29585 
45970 
29586 
45971 
29587 
45972 
29588 
45973 
29589 
45974 
29590 
45975 
29591 
45976 
29592 
45977 
29593 
45978 
29594 
45979 
29595 
45980 
29596 
45981 
29597 
45982 
29598 
45983 
29599 
45984 
29600 
45985 
29601 
45986 
29602 
45987 
29603 
45988 
29604 
45989 
29605 
29606 
29607 
29608 
29609 
29610 
29611 
29612 
29613 
29614 
29615 
29616 
29617 
29618 
29619 
29620 
29621 
29622 
29623 
29624 
29625 
29626 
29627 
29628 
29629 
29630 
29631 
29632 
29633 
29634 
29635 
29636 
29637 
29638 
29639 
29640 
29641 
29642 
29643 
29644 
29645 
29646 
29647 
29648 
29649 
29650 
29651 
29652 
29653 
29654 
29655 
29656 
29657 
29658 
29659 
29660 
29661 
29662 
29663 
29664 
29665 
29666 
29667 
29668 
29669 
29670 
29671 
29672 
29673 
29674 
13290 
29675 
13291 
29676 
13292 
29677 
13293 
29678 
13294 
29679 
13295 
29680 
13296 
29681 
13297 
29682 
13298 
29683 
13299 
29684 
13300 
29685 
13301 
29686 
13302 
29687 
13303 
29688 
13304 
29689 
13305 
29690 
13306 
29691 
13307 
29692 
13308 
29693 
13309 
29694 
13310 
29695 
13311 
29696 
13312 
29697 
13313 
29698 
13314 
29699 
13315 
29700 
13316 
29701 
13317 
29702 
13318 
29703 
13319 
29704 
13320 
29705 
13321 
29706 
13322 
29707 
13323 
29708 
13324 
29709 
13325 
29710 
13326 
29711 
13327 
29712 
13328 
29713 
13329 
29714 
13330 
29715 
13331 
29716 
13332 
29717 
13333 
29718 
13334 
29719 
13335 
29720 
13336 
29721 
13337 
29722 
13338 
29723 
13339 
29724 
13340 
29725 
13341 
29726 
13342 
29727 
13343 
29728 
13344 
29729 
13345 
29730 
13346 
29731 
13347 
29732 
13348 
29733 
13349 
29734 
13350 
29735 
13351 
29736 
13352 
29737 
13353 
29738 
13354 
29739 
13355 
29740 
13356 
29741 
13357 
29742 
13358 
29743 
13359 
29744 
13360 
29745 
13361 
29746 
13362 
29747 
13363 
29748 
13364 
29749 
13365 
29750 
13366 
29751 
13367 
29752 
13368 
29753 
13369 
29754 
13370 
29755 
13371 
29756 
13372 
29757 
13373 
29758 
13374 
29759 
13375 
29760 
13376 
29761 
13377 
29762 
13378 
29763 
13379 
29764 
13380 
29765 
13381 
29766 
13382 
29767 
13383 
29768 
13384 
29769 
13385 
29770 
13386 
29771 
13387 
29772 
13388 
29773 
13389 
29774 
13390 
29775 
13391 
29776 
13392 
29777 
13393 
29778 
13394 
29779 
13395 
29780 
13396 
29781 
13397 
29782 
13398 
29783 
13399 
29784 
13400 
29785 
13401 
29786 
13402 
29787 
13403 
29788 
13404 
29789 
13405 
13406 
13407 
13408 
13409 
13410 
13411 
13412 
13413 
13414 
13415 
13416 
13417 
13418 
13419 
13420 
13421 
13422 
13423 
13424 
13425 
13426 
13427 
13428 
13429 
13430 
13431 
13432 
13433 
13434 
13435 
13436 
13437 
13438 
13439 
13440 
13441 
13442 
13443 
13444 
13445 
13446 
13447 
13448 
13449 
13450 
13451 
13452 
13453 
13454 
13455 
13456 
13457 
13458 
13459 
13460 
13461 
13462 
13463 
13464 
13465 
13466 
13467 
13468 
13469 
13470 
13471 
13472 
13473 
13474 
13475 
13476 
13477 
13478 
13479 
13480 
13481 
13482 
13483 
13484 
13485 
13486 
13487 
13488 
13489 
13490 
13491 
13492 
13493 
13494 
13495 
13496 
13497 
13498 
13499 
13500 
13501 
13502 
13503 
13504 
13505 
13506 
13507 
13508 
13509 
13510 
13511 
13512 
13513 
13514 
13515 
13516 
13517 
13518 
13519 
13520 
13521 
13522 
13523 
13524 
13525 
13526 
13527 
13528 
13529 
13530 
13531 
13532 
13533 
13534 
13535 
13536 
13537 
13538 
13539 
13540 
13541 
13542 
13543 
13544 
13545 
13546 
13547 
13548 
13549 
13550 
13551 
13552 
13553 
13554 
13555 
13556 
13557 
13558 
13559 
13560 
13561 
13562 
13563 
13564 
13565 
13566 
13567 
13568 
13569 
13570 
13571 
13572 
13573 
13574 
13575 
13576 
13577 
13578 
13579 
13580 
13581 
13582 
13583 
13584 
13585 
13586 
13587 
13588 
13589 
64590 
64591 
64592 
64593 
64594 
64595 
64596 
64597 
64598 
64599 
64600 
64601 
64602 
64603 
64604 
64605 
64606 
64607 
64608 
64609 
64610 
64611 
64612 
64613 
64614 
64615 
64616 
64617 
64618 
64619 
64620 
64621 
64622 
64623 
64624 
64625 
64626 
64627 
64628 
64629 
64630 
64631 
64632 
64633 
64634 
64635 
64636 
64637 
64638 
64639 
64640 
64641 
64642 
64643 
64644 
64645 
64646 
64647 
64648 
64649 
64650 
64651 
64652 
64653 
64654 
64655 
64656 
64657 
64658 
64659 
64660 
64661 
64662 
64663 
64664 
64665 
64666 
64667 
64668 
64669 
64670 
64671 
64672 
64673 
64674 
64675 
64676 
64677 
64678 
64679 
64680 
64681 
64682 
64683 
64684 
64685 
64686 
64687 
64688 
64689 
64690 
64691 
64692 
64693 
64694 
64695 
64696 
64697 
64698 
64699 
64700 
64701 
64702 
64703 
64704 
64705 
64706 
64707 
64708 
64709 
64710 
64711 
64712 
64713 
64714 
64715 
64716 
64717 
64718 
64719 
64720 
64721 
64722 
64723 
64724 
64725 
64726 
64727 
64728 
64729 
64730 
64731 
64732 
64733 
64734 
64735 
64736 
64737 
64738 
64739 
64740 
64741 
64742 
64743 
64744 
64745 
64746 
64747 
64748 
64749 
64750 
64751 
64752 
64753 
64754 
64755 
64756 
64757 
64758 
64759 
64760 
64761 
64762 
64763 
64764 
64765 
64766 
64767 
64768 
64769 
64770 
64771 
64772 
64773 
64774 
48390 
64775 
48391 
64776 
48392 
64777 
48393 
64778 
48394 
64779 
48395 
64780 
48396 
64781 
48397 
64782 
48398 
64783 
48399 
64784 
48400 
64785 
48401 
64786 
48402 
64787 
48403 
64788 
48404 
64789 
48405 
64790 
48406 
64791 
48407 
64792 
48408 
64793 
48409 
64794 
48410 
64795 
48411 
64796 
48412 
64797 
48413 
64798 
48414 
64799 
48415 
64800 
48416 
64801 
48417 
64802 
48418 
64803 
48419 
64804 
48420 
64805 
48421 
64806 
48422 
64807 
48423 
64808 
48424 
64809 
48425 
64810 
48426 
64811 
48427 
64812 
48428 
64813 
48429 
64814 
48430 
64815 
48431 
64816 
48432 
64817 
48433 
64818 
48434 
64819 
48435 
64820 
48436 
64821 
48437 
64822 
48438 
64823 
48439 
64824 
48440 
64825 
48441 
64826 
48442 
64827 
48443 
64828 
48444 
64829 
48445 
64830 
48446 
64831 
48447 
64832 
48448 
64833 
48449 
64834 
48450 
64835 
48451 
64836 
48452 
64837 
48453 
64838 
48454 
64839 
48455 
64840 
48456 
64841 
48457 
64842 
48458 
64843 
48459 
64844 
48460 
64845 
48461 
64846 
48462 
64847 
48463 
64848 
48464 
64849 
48465 
64850 
48466 
64851 
48467 
64852 
48468 
64853 
48469 
64854 
48470 
64855 
48471 
64856 
48472 
64857 
48473 
64858 
48474 
64859 
48475 
64860 
48476 
64861 
48477 
64862 
48478 
64863 
48479 
64864 
48480 
64865 
48481 
64866 
48482 
64867 
48483 
64868 
48484 
64869 
48485 
64870 
48486 
64871 
48487 
64872 
48488 
64873 
48489 
64874 
48490 
64875 
48491 
64876 
48492 
64877 
48493 
64878 
48494 
64879 
48495 
64880 
48496 
64881 
48497 
64882 
48498 
64883 
48499 
64884 
48500 
64885 
48501 
64886 
48502 
64887 
48503 
64888 
48504 
64889 
48505 
48506 
48507 
48508 
48509 
48510 
48511 
48512 
48513 
48514 
48515 
48516 
48517 
48518 
48519 
48520 
48521 
48522 
48523 
48524 
48525 
48526 
48527 
48528 
48529 
48530 
48531 
48532 
48533 
48534 
48535 
48536 
48537 
48538 
48539 
48540 
48541 
48542 
48543 
48544 
48545 
48546 
48547 
48548 
48549 
48550 
48551 
48552 
48553 
48554 
48555 
48556 
48557 
48558 
48559 
48560 
48561 
48562 
48563 
48564 
48565 
48566 
48567 
48568 
48569 
48570 
48571 
48572 
48573 
48574 
32190 
48575 
32191 
48576 
32192 
48577 
32193 
48578 
32194 
48579 
32195 
48580 
32196 
48581 
32197 
48582 
32198 
48583 
32199 
48584 
32200 
48585 
32201 
48586 
32202 
48587 
32203 
48588 
32204 
48589 
32205 
48590 
32206 
48591 
32207 
48592 
32208 
48593 
32209 
48594 
32210 
48595 
32211 
48596 
32212 
48597 
32213 
48598 
32214 
48599 
32215 
48600 
32216 
48601 
32217 
48602 
32218 
48603 
32219 
48604 
32220 
48605 
32221 
48606 
32222 
48607 
32223 
48608 
32224 
48609 
32225 
48610 
32226 
48611 
32227 
48612 
32228 
48613 
32229 
48614 
32230 
48615 
32231 
48616 
32232 
48617 
32233 
48618 
32234 
48619 
32235 
48620 
32236 
48621 
32237 
48622 
32238 
48623 
32239 
48624 
32240 
48625 
32241 
48626 
32242 
48627 
32243 
48628 
32244 
48629 
32245 
48630 
32246 
48631 
32247 
48632 
32248 
48633 
32249 
48634 
32250 
48635 
32251 
48636 
32252 
48637 
32253 
48638 
32254 
48639 
32255 
48640 
32256 
48641 
32257 
48642 
32258 
48643 
32259 
48644 
32260 
48645 
32261 
48646 
32262 
48647 
32263 
48648 
32264 
48649 
32265 
48650 
32266 
48651 
32267 
48652 
32268 
48653 
32269 
48654 
32270 
48655 
32271 
48656 
32272 
48657 
32273 
48658 
32274 
48659 
32275 
48660 
32276 
48661 
32277 
48662 
32278 
48663 
32279 
48664 
32280 
48665 
32281 
48666 
32282 
48667 
32283 
48668 
32284 
48669 
32285 
48670 
32286 
48671 
32287 
48672 
32288 
48673 
32289 
48674 
32290 
48675 
32291 
48676 
32292 
48677 
32293 
48678 
32294 
48679 
32295 
48680 
32296 
48681 
32297 
48682 
32298 
48683 
32299 
48684 
32300 
48685 
32301 
48686 
32302 
48687 
32303 
48688 
32304 
48689 
32305 
32306 
32307 
32308 
32309 
32310 
32311 
32312 
32313 
32314 
32315 
32316 
32317 
32318 
32319 
32320 
32321 
32322 
32323 
32324 
32325 
32326 
32327 
32328 
32329 
32330 
32331 
32332 
32333 
32334 
32335 
32336 
32337 
32338 
32339 
32340 
32341 
32342 
32343 
32344 
32345 
32346 
32347 
32348 
32349 
32350 
32351 
32352 
32353 
32354 
32355 
32356 
32357 
32358 
32359 
32360 
32361 
32362 
32363 
32364 
32365 
32366 
32367 
32368 
32369 
32370 
32371 
32372 
32373 
32374 
15990 
32375 
15991 
32376 
15992 
32377 
15993 
32378 
15994 
32379 
15995 
32380 
15996 
32381 
15997 
32382 
15998 
32383 
15999 
32384 
16000 
32385 
16001 
32386 
16002 
32387 
16003 
32388 
16004 
32389 
16005 
32390 
16006 
32391 
16007 
32392 
16008 
32393 
16009 
32394 
16010 
32395 
16011 
32396 
16012 
32397 
16013 
32398 
16014 
32399 
16015 
32400 
16016 
32401 
16017 
32402 
16018 
32403 
16019 
32404 
16020 
32405 
16021 
32406 
16022 
32407 
16023 
32408 
16024 
32409 
16025 
32410 
16026 
32411 
16027 
32412 
16028 
32413 
16029 
32414 
16030 
32415 
16031 
32416 
16032 
32417 
16033 
32418 
16034 
32419 
16035 
32420 
16036 
32421 
16037 
32422 
16038 
32423 
16039 
32424 
16040 
32425 
16041 
32426 
16042 
32427 
16043 
32428 
16044 
32429 
16045 
32430 
16046 
32431 
16047 
32432 
16048 
32433 
16049 
32434 
16050 
32435 
16051 
32436 
16052 
32437 
16053 
32438 
16054 
32439 
16055 
32440 
16056 
32441 
16057 
32442 
16058 
32443 
16059 
32444 
16060 
32445 
16061 
32446 
16062 
32447 
16063 
32448 
16064 
32449 
16065 
32450 
16066 
32451 
16067 
32452 
16068 
32453 
16069 
32454 
16070 
32455 
16071 
32456 
16072 
32457 
16073 
32458 
16074 
32459 
16075 
32460 
16076 
32461 
16077 
32462 
16078 
32463 
16079 
32464 
16080 
32465 
16081 
32466 
16082 
32467 
16083 
32468 
16084 
32469 
16085 
32470 
16086 
32471 
16087 
32472 
16088 
32473 
16089 
32474 
16090 
32475 
16091 
32476 
16092 
32477 
16093 
32478 
16094 
32479 
16095 
32480 
16096 
32481 
16097 
32482 
16098 
32483 
16099 
32484 
16100 
32485 
16101 
32486 
16102 
32487 
16103 
32488 
16104 
32489 
16105 
16106 
16107 
16108 
16109 
16110 
16111 
16112 
16113 
16114 
16115 
16116 
16117 
16118 
16119 
16120 
16121 
16122 
16123 
16124 
16125 
16126 
16127 
16128 
16129 
16130 
16131 
16132 
16133 
16134 
16135 
16136 
16137 
16138 
16139 
16140 
16141 
16142 
16143 
16144 
16145 
16146 
16147 
16148 
16149 
16150 
16151 
16152 
16153 
16154 
16155 
16156 
16157 
16158 
16159 
16160 
16161 
16162 
16163 
16164 
16165 
16166 
16167 
16168 
16169 
16170 
16171 
16172 
16173 
16174 
16175 
16176 
16177 
16178 
16179 
16180 
16181 
16182 
16183 
16184 
16185 
16186 
16187 
16188 
16189 
16190 
16191 
16192 
16193 
16194 
16195 
16196 
16197 
16198 
16199 
16200 
16201 
16202 
16203 
16204 
16205 
16206 
16207 
16208 
16209 
16210 
16211 
16212 
16213 
16214 
16215 
16216 
16217 
16218 
16219 
16220 
16221 
16222 
16223 
16224 
16225 
16226 
16227 
16228 
16229 
16230 
16231 
16232 
16233 
16234 
16235 
16236 
16237 
16238 
16239 
16240 
16241 
16242 
16243 
16244 
16245 
16246 
16247 
16248 
16249 
16250 
16251 
16252 
16253 
16254 
16255 
16256 
16257 
16258 
16259 
16260 
16261 
16262 
16263 
16264 
16265 
16266 
16267 
16268 
16269 
16270 
16271 
16272 
16273 
16274 
16275 
16276 
16277 
16278 
16279 
16280 
16281 
16282 
16283 
16284 
16285 
16286 
16287 
16288 
16289 
)

// ************************************************************************* //
